Matrix multiplication times:
   N      TIME (secs)
 -----   -------------
     20       0.0000
0.122172 0.156702 0.110345 0.062330 0.103422 0.103807 0.176750 0.016492 0.147837 0.076815 0.056884 0.008758 0.044052 0.064593 0.075006 0.137779 0.099763 0.025394 0.079070 0.144960 
0.273714 0.454984 0.256928 0.275979 0.231868 0.282800 0.423749 0.136688 0.455368 0.260547 0.205453 0.053313 0.192133 0.294920 0.218814 0.404877 0.238509 0.221911 0.339308 0.430981 
0.145269 0.224957 0.169857 0.154234 0.156792 0.182820 0.247023 0.086899 0.241095 0.157041 0.120357 0.048878 0.115561 0.167806 0.128534 0.253358 0.170557 0.116474 0.208401 0.248189 
0.188786 0.271930 0.381040 0.468200 0.461227 0.609763 0.462251 0.445168 0.479123 0.388399 0.423799 0.286829 0.449317 0.590186 0.444121 0.743052 0.505358 0.237382 0.576120 0.671362 
0.251840 0.461711 0.382564 0.546947 0.427751 0.625912 0.564935 0.467519 0.637621 0.456966 0.470236 0.274848 0.489495 0.665083 0.471998 0.776476 0.495332 0.417427 0.671253 0.758272 
0.235529 0.706045 0.347197 0.748632 0.354556 1.738739 1.305781 1.064096 1.729399 1.084122 1.013799 1.263506 1.463757 1.324279 1.519450 1.576564 1.471260 1.631051 1.420360 1.468588 
0.361350 0.778987 0.948411 1.205243 0.953881 1.422975 1.404234 1.361034 1.569897 1.800079 1.132553 0.999865 1.327505 2.127335 1.140910 2.496326 1.652919 1.695278 2.260853 1.906670 
0.436607 1.109399 0.712331 1.641135 0.946274 2.183626 1.320948 1.883723 2.601219 1.564733 1.613193 1.696268 2.307968 2.495462 2.051891 2.761812 1.957712 1.614149 2.402764 2.585764 
0.433370 0.745288 0.661635 1.235363 0.997504 2.465373 1.530104 2.108029 3.252704 2.235188 2.266611 3.141761 2.860050 3.411102 2.835633 3.897980 2.927877 2.129571 2.450907 3.506798 
0.150886 0.280869 0.537462 0.736339 0.653474 1.387565 0.741113 1.282943 2.121452 2.021506 1.850705 2.987209 2.560094 2.676581 2.687038 3.201321 2.535526 2.332022 2.100508 2.598129 
0.606372 0.846893 1.200598 1.294461 1.403791 2.996689 2.118830 2.001886 3.050932 2.204812 2.541279 3.193893 3.400419 2.792173 3.545793 4.103519 3.754704 2.827139 3.390728 3.866599 
0.344352 0.584433 0.904228 1.368402 1.192305 2.168232 1.431188 2.000387 2.402720 2.385035 2.383432 2.833501 3.236432 3.491444 3.166124 4.097399 3.223047 3.059538 3.463790 3.573081 
0.149314 0.783440 0.564445 1.575735 0.804986 2.357302 1.791392 2.738196 3.106339 2.707651 3.267483 3.848270 4.685104 4.710493 3.869027 4.705247 4.356233 5.597342 4.946387 4.961927 
0.543749 1.186358 0.613882 1.537558 0.911329 2.303529 1.553763 2.168347 3.360972 2.473834 2.833981 3.165204 3.362049 3.882359 3.487705 4.373069 3.184896 3.378682 3.700290 4.436891 
0.238840 0.687984 0.723619 1.458882 0.986428 2.660590 1.717016 2.332300 3.019793 2.624291 2.664878 3.569881 4.035324 4.571844 3.970549 4.989381 4.114056 4.471320 4.102193 4.380329 
0.369219 0.841909 0.546708 1.009340 0.645970 1.686364 1.640063 1.692830 2.422888 2.326899 1.948862 2.377198 2.271084 3.224429 2.289022 3.448643 2.573142 3.229010 2.597058 3.017679 
0.313373 0.808066 0.957558 1.352261 0.986549 2.240744 1.673190 1.723829 2.383285 2.346951 1.824675 2.406436 3.185369 4.310298 2.984082 4.609812 4.134013 4.620675 4.268190 3.966288 
0.439942 1.061469 0.819253 1.698886 1.087616 2.085315 1.740496 2.434504 2.809906 2.297383 2.959302 2.861385 3.672001 4.092565 3.522924 4.926641 3.867271 5.135505 5.017140 5.448594 
0.527606 1.185434 0.758523 1.589331 0.972279 2.018635 1.283980 1.549491 2.364317 1.820169 2.018881 2.168682 2.964042 3.491544 3.295979 4.293844 3.103130 3.972313 3.409452 4.094062 
0.313234 0.428597 0.797573 0.657933 0.834448 2.392607 1.930851 1.522961 2.433590 2.730378 2.140770 3.317110 3.408793 3.705364 4.090971 5.158257 4.435984 5.031777 3.936337 4.513972 
